1 1 1 1
1 1 2 0
1 1 3 0
1 2 1 1
1 2 2 0
1 2 3 0
1 3 1 1
1 3 2 0
1 3 3 0
1 4 1 1
1 4 2 0
1 4 3 0
1 5 1 1
1 5 2 0
1 5 3 0
1 6 1 0
1 6 2 0
1 6 3 0
1 7 1 0
1 7 2 0
1 7 3 0
1 8 1 0
1 8 2 0
1 8 3 0
1 9 1 0
1 9 2 0
1 9 3 0
1 10 1 0
1 10 2 0
1 10 3 0
1 11 1 0
1 11 2 0
1 11 3 0
1 12 1 0
1 12 2 0
1 12 3 0
1 13 1 0
1 13 2 0
1 13 3 0
1 14 1 0
1 14 2 0
1 14 3 0
1 15 1 0
1 15 2 0
1 15 3 0
1 16 1 0
1 16 2 0
1 16 3 0
1 17 1 0
1 17 2 0
1 17 3 0
1 18 1 0
1 18 2 0
1 18 3 0
1 19 1 0
1 19 2 0
1 19 3 0
1 20 1 0
1 20 2 0
1 20 3 0
1 21 1 0
1 21 2 0
1 21 3 0
1 22 1 0
1 22 2 0
1 22 3 0
1 23 1 0
1 23 2 0
1 23 3 0
1 24 1 0
1 24 2 0
1 24 3 0
2 1 1 0
2 1 2 0
2 1 3 0
2 2 1 0
2 2 2 0
2 2 3 0
2 3 1 0
2 3 2 0
2 3 3 0
2 4 1 0
2 4 2 0
2 4 3 0
2 5 1 0
2 5 2 0
2 5 3 0
2 6 1 0
2 6 2 0
2 6 3 0
2 7 1 0
2 7 2 0
2 7 3 0
2 8 1 0
2 8 2 0
2 8 3 0
2 9 1 0
2 9 2 0
2 9 3 0
2 10 1 0
2 10 2 0
2 10 3 0
2 11 1 0
2 11 2 0
2 11 3 0
2 12 1 0
2 12 2 0
2 12 3 0
2 13 1 0
2 13 2 0
2 13 3 0
2 14 1 0
2 14 2 0
2 14 3 0
2 15 1 0
2 15 2 0
2 15 3 0
2 16 1 0
2 16 2 0
2 16 3 0
2 17 1 0
2 17 2 0
2 17 3 0
2 18 1 0
2 18 2 0
2 18 3 0
2 19 1 0
2 19 2 0
2 19 3 0
2 20 1 0
2 20 2 0
2 20 3 0
2 21 1 0
2 21 2 0
2 21 3 0
2 22 1 0
2 22 2 0
2 22 3 0
2 23 1 0
2 23 2 0
2 23 3 0
2 24 1 0
2 24 2 0
2 24 3 0
3 1 1 0
3 1 2 0
3 1 3 0
3 2 1 0
3 2 2 0
3 2 3 0
3 3 1 0
3 3 2 0
3 3 3 0
3 4 1 0
3 4 2 0
3 4 3 0
3 5 1 0
3 5 2 0
3 5 3 0
3 6 1 0
3 6 2 0
3 6 3 0
3 7 1 0
3 7 2 0
3 7 3 0
3 8 1 0
3 8 2 0
3 8 3 0
3 9 1 0
3 9 2 0
3 9 3 0
3 10 1 0
3 10 2 0
3 10 3 0
3 11 1 0
3 11 2 0
3 11 3 0
3 12 1 0
3 12 2 0
3 12 3 0
3 13 1 0
3 13 2 0
3 13 3 0
3 14 1 0
3 14 2 0
3 14 3 0
3 15 1 0
3 15 2 0
3 15 3 0
3 16 1 0
3 16 2 0
3 16 3 0
3 17 1 0
3 17 2 0
3 17 3 0
3 18 1 0
3 18 2 0
3 18 3 0
3 19 1 0
3 19 2 0
3 19 3 0
3 20 1 0
3 20 2 0
3 20 3 0
3 21 1 0
3 21 2 0
3 21 3 0
3 22 1 0
3 22 2 0
3 22 3 0
3 23 1 0
3 23 2 0
3 23 3 0
3 24 1 0
3 24 2 0
3 24 3 0
4 1 1 0
4 1 2 0
4 1 3 0
4 2 1 0
4 2 2 0
4 2 3 0
4 3 1 0
4 3 2 0
4 3 3 0
4 4 1 0
4 4 2 0
4 4 3 0
4 5 1 0
4 5 2 0
4 5 3 0
4 6 1 0
4 6 2 0
4 6 3 0
4 7 1 0
4 7 2 0
4 7 3 0
4 8 1 0
4 8 2 0
4 8 3 0
4 9 1 0
4 9 2 0
4 9 3 0
4 10 1 0
4 10 2 0
4 10 3 0
4 11 1 0
4 11 2 0
4 11 3 0
4 12 1 0
4 12 2 0
4 12 3 0
4 13 1 0
4 13 2 0
4 13 3 0
4 14 1 0
4 14 2 0
4 14 3 0
4 15 1 0
4 15 2 0
4 15 3 0
4 16 1 0
4 16 2 0
4 16 3 0
4 17 1 0
4 17 2 0
4 17 3 0
4 18 1 0
4 18 2 0
4 18 3 0
4 19 1 0
4 19 2 0
4 19 3 0
4 20 1 0
4 20 2 0
4 20 3 0
4 21 1 0
4 21 2 0
4 21 3 0
4 22 1 0
4 22 2 0
4 22 3 0
4 23 1 0
4 23 2 0
4 23 3 0
4 24 1 0
4 24 2 0
4 24 3 0
5 1 1 0
5 1 2 0
5 1 3 0
5 2 1 0
5 2 2 0
5 2 3 0
5 3 1 0
5 3 2 0
5 3 3 0
5 4 1 0
5 4 2 0
5 4 3 0
5 5 1 0
5 5 2 0
5 5 3 0
5 6 1 0
5 6 2 0
5 6 3 0
5 7 1 0
5 7 2 0
5 7 3 0
5 8 1 0
5 8 2 0
5 8 3 0
5 9 1 0
5 9 2 0
5 9 3 0
5 10 1 0
5 10 2 0
5 10 3 0
5 11 1 0
5 11 2 0
5 11 3 0
5 12 1 0
5 12 2 0
5 12 3 0
5 13 1 0
5 13 2 0
5 13 3 0
5 14 1 0
5 14 2 0
5 14 3 0
5 15 1 0
5 15 2 0
5 15 3 0
5 16 1 0
5 16 2 0
5 16 3 0
5 17 1 0
5 17 2 0
5 17 3 0
5 18 1 0
5 18 2 0
5 18 3 0
5 19 1 0
5 19 2 0
5 19 3 0
5 20 1 0
5 20 2 0
5 20 3 0
5 21 1 0
5 21 2 0
5 21 3 0
5 22 1 0
5 22 2 0
5 22 3 0
5 23 1 0
5 23 2 0
5 23 3 0
5 24 1 0
5 24 2 0
5 24 3 0
6 1 1 0
6 1 2 0
6 1 3 0
6 2 1 0
6 2 2 0
6 2 3 0
6 3 1 0
6 3 2 0
6 3 3 0
6 4 1 0
6 4 2 0
6 4 3 0
6 5 1 0
6 5 2 0
6 5 3 0
6 6 1 0
6 6 2 0
6 6 3 0
6 7 1 0
6 7 2 0
6 7 3 0
6 8 1 0
6 8 2 0
6 8 3 0
6 9 1 0
6 9 2 0
6 9 3 0
6 10 1 0
6 10 2 0
6 10 3 0
6 11 1 0
6 11 2 0
6 11 3 0
6 12 1 0
6 12 2 0
6 12 3 0
6 13 1 0
6 13 2 0
6 13 3 0
6 14 1 0
6 14 2 0
6 14 3 0
6 15 1 0
6 15 2 0
6 15 3 0
6 16 1 0
6 16 2 0
6 16 3 0
6 17 1 0
6 17 2 0
6 17 3 0
6 18 1 0
6 18 2 0
6 18 3 0
6 19 1 0
6 19 2 0
6 19 3 0
6 20 1 0
6 20 2 0
6 20 3 0
6 21 1 0
6 21 2 0
6 21 3 0
6 22 1 0
6 22 2 0
6 22 3 0
6 23 1 0
6 23 2 0
6 23 3 0
6 24 1 0
6 24 2 0
6 24 3 0
7 1 1 0
7 1 2 1
7 1 3 0
7 2 1 0
7 2 2 1
7 2 3 0
7 3 1 0
7 3 2 1
7 3 3 0
7 4 1 0
7 4 2 1
7 4 3 0
7 5 1 0
7 5 2 1
7 5 3 0
7 6 1 0
7 6 2 0
7 6 3 0
7 7 1 0
7 7 2 0
7 7 3 0
7 8 1 0
7 8 2 0
7 8 3 0
7 9 1 0
7 9 2 0
7 9 3 0
7 10 1 0
7 10 2 0
7 10 3 0
7 11 1 0
7 11 2 0
7 11 3 0
7 12 1 0
7 12 2 0
7 12 3 0
7 13 1 0
7 13 2 0
7 13 3 0
7 14 1 0
7 14 2 0
7 14 3 0
7 15 1 0
7 15 2 0
7 15 3 0
7 16 1 0
7 16 2 0
7 16 3 0
7 17 1 0
7 17 2 0
7 17 3 0
7 18 1 0
7 18 2 0
7 18 3 0
7 19 1 0
7 19 2 0
7 19 3 0
7 20 1 0
7 20 2 0
7 20 3 0
7 21 1 0
7 21 2 0
7 21 3 0
7 22 1 0
7 22 2 0
7 22 3 0
7 23 1 0
7 23 2 0
7 23 3 0
7 24 1 0
7 24 2 0
7 24 3 0
8 1 1 0
8 1 2 0
8 1 3 0
8 2 1 0
8 2 2 0
8 2 3 0
8 3 1 0
8 3 2 0
8 3 3 0
8 4 1 0
8 4 2 0
8 4 3 0
8 5 1 0
8 5 2 0
8 5 3 0
8 6 1 0
8 6 2 0
8 6 3 0
8 7 1 0
8 7 2 0
8 7 3 0
8 8 1 0
8 8 2 0
8 8 3 0
8 9 1 0
8 9 2 0
8 9 3 0
8 10 1 0
8 10 2 0
8 10 3 0
8 11 1 0
8 11 2 0
8 11 3 0
8 12 1 0
8 12 2 0
8 12 3 0
8 13 1 0
8 13 2 0
8 13 3 0
8 14 1 0
8 14 2 0
8 14 3 0
8 15 1 0
8 15 2 0
8 15 3 0
8 16 1 0
8 16 2 0
8 16 3 0
8 17 1 0
8 17 2 0
8 17 3 0
8 18 1 0
8 18 2 0
8 18 3 0
8 19 1 0
8 19 2 0
8 19 3 0
8 20 1 0
8 20 2 0
8 20 3 0
8 21 1 0
8 21 2 0
8 21 3 0
8 22 1 0
8 22 2 0
8 22 3 0
8 23 1 0
8 23 2 0
8 23 3 0
8 24 1 0
8 24 2 0
8 24 3 0
9 1 1 0
9 1 2 0
9 1 3 0
9 2 1 0
9 2 2 0
9 2 3 0
9 3 1 0
9 3 2 0
9 3 3 0
9 4 1 0
9 4 2 0
9 4 3 0
9 5 1 0
9 5 2 0
9 5 3 0
9 6 1 0
9 6 2 0
9 6 3 0
9 7 1 0
9 7 2 0
9 7 3 0
9 8 1 0
9 8 2 0
9 8 3 0
9 9 1 0
9 9 2 0
9 9 3 0
9 10 1 0
9 10 2 0
9 10 3 0
9 11 1 0
9 11 2 0
9 11 3 0
9 12 1 0
9 12 2 0
9 12 3 0
9 13 1 0
9 13 2 0
9 13 3 0
9 14 1 0
9 14 2 0
9 14 3 0
9 15 1 0
9 15 2 0
9 15 3 0
9 16 1 0
9 16 2 0
9 16 3 0
9 17 1 0
9 17 2 0
9 17 3 0
9 18 1 0
9 18 2 0
9 18 3 0
9 19 1 0
9 19 2 0
9 19 3 0
9 20 1 0
9 20 2 0
9 20 3 0
9 21 1 0
9 21 2 0
9 21 3 0
9 22 1 0
9 22 2 0
9 22 3 0
9 23 1 0
9 23 2 0
9 23 3 0
9 24 1 0
9 24 2 0
9 24 3 0
10 1 1 0
10 1 2 0
10 1 3 0
10 2 1 0
10 2 2 0
10 2 3 0
10 3 1 0
10 3 2 0
10 3 3 0
10 4 1 0
10 4 2 0
10 4 3 0
10 5 1 0
10 5 2 0
10 5 3 0
10 6 1 0
10 6 2 0
10 6 3 0
10 7 1 0
10 7 2 0
10 7 3 0
10 8 1 0
10 8 2 0
10 8 3 0
10 9 1 0
10 9 2 0
10 9 3 0
10 10 1 0
10 10 2 0
10 10 3 0
10 11 1 0
10 11 2 0
10 11 3 0
10 12 1 0
10 12 2 0
10 12 3 0
10 13 1 0
10 13 2 0
10 13 3 0
10 14 1 0
10 14 2 0
10 14 3 0
10 15 1 0
10 15 2 0
10 15 3 0
10 16 1 0
10 16 2 0
10 16 3 0
10 17 1 0
10 17 2 0
10 17 3 0
10 18 1 0
10 18 2 0
10 18 3 0
10 19 1 0
10 19 2 0
10 19 3 0
10 20 1 0
10 20 2 0
10 20 3 0
10 21 1 0
10 21 2 0
10 21 3 0
10 22 1 0
10 22 2 0
10 22 3 0
10 23 1 0
10 23 2 0
10 23 3 0
10 24 1 0
10 24 2 0
10 24 3 0
11 1 1 0
11 1 2 0
11 1 3 0
11 2 1 0
11 2 2 0
11 2 3 0
11 3 1 0
11 3 2 0
11 3 3 0
11 4 1 0
11 4 2 0
11 4 3 0
11 5 1 0
11 5 2 0
11 5 3 0
11 6 1 0
11 6 2 0
11 6 3 0
11 7 1 0
11 7 2 0
11 7 3 0
11 8 1 0
11 8 2 0
11 8 3 0
11 9 1 0
11 9 2 0
11 9 3 0
11 10 1 0
11 10 2 0
11 10 3 0
11 11 1 0
11 11 2 0
11 11 3 0
11 12 1 0
11 12 2 0
11 12 3 0
11 13 1 0
11 13 2 0
11 13 3 0
11 14 1 0
11 14 2 0
11 14 3 0
11 15 1 0
11 15 2 0
11 15 3 0
11 16 1 0
11 16 2 0
11 16 3 0
11 17 1 0
11 17 2 0
11 17 3 0
11 18 1 0
11 18 2 0
11 18 3 0
11 19 1 0
11 19 2 0
11 19 3 0
11 20 1 0
11 20 2 0
11 20 3 0
11 21 1 0
11 21 2 0
11 21 3 0
11 22 1 0
11 22 2 0
11 22 3 0
11 23 1 0
11 23 2 0
11 23 3 0
11 24 1 0
11 24 2 0
11 24 3 0
12 1 1 0
12 1 2 0
12 1 3 0
12 2 1 0
12 2 2 0
12 2 3 0
12 3 1 0
12 3 2 0
12 3 3 0
12 4 1 0
12 4 2 0
12 4 3 0
12 5 1 0
12 5 2 0
12 5 3 0
12 6 1 0
12 6 2 0
12 6 3 0
12 7 1 0
12 7 2 0
12 7 3 0
12 8 1 0
12 8 2 0
12 8 3 0
12 9 1 0
12 9 2 0
12 9 3 0
12 10 1 0
12 10 2 0
12 10 3 0
12 11 1 0
12 11 2 0
12 11 3 0
12 12 1 0
12 12 2 0
12 12 3 0
12 13 1 0
12 13 2 0
12 13 3 0
12 14 1 0
12 14 2 0
12 14 3 0
12 15 1 0
12 15 2 0
12 15 3 0
12 16 1 0
12 16 2 0
12 16 3 0
12 17 1 0
12 17 2 0
12 17 3 0
12 18 1 0
12 18 2 0
12 18 3 0
12 19 1 0
12 19 2 0
12 19 3 0
12 20 1 0
12 20 2 0
12 20 3 0
12 21 1 0
12 21 2 0
12 21 3 0
12 22 1 0
12 22 2 0
12 22 3 0
12 23 1 0
12 23 2 0
12 23 3 0
12 24 1 0
12 24 2 0
12 24 3 0
13 1 1 0
13 1 2 0
13 1 3 0
13 2 1 0
13 2 2 0
13 2 3 0
13 3 1 0
13 3 2 0
13 3 3 0
13 4 1 0
13 4 2 0
13 4 3 0
13 5 1 0
13 5 2 0
13 5 3 0
13 6 1 0
13 6 2 0
13 6 3 0
13 7 1 0
13 7 2 0
13 7 3 0
13 8 1 0
13 8 2 0
13 8 3 0
13 9 1 0
13 9 2 0
13 9 3 0
13 10 1 0
13 10 2 0
13 10 3 0
13 11 1 0
13 11 2 0
13 11 3 0
13 12 1 0
13 12 2 0
13 12 3 0
13 13 1 0
13 13 2 0
13 13 3 0
13 14 1 0
13 14 2 0
13 14 3 0
13 15 1 0
13 15 2 0
13 15 3 0
13 16 1 0
13 16 2 0
13 16 3 0
13 17 1 0
13 17 2 0
13 17 3 0
13 18 1 0
13 18 2 0
13 18 3 0
13 19 1 0
13 19 2 0
13 19 3 0
13 20 1 0
13 20 2 0
13 20 3 0
13 21 1 0
13 21 2 0
13 21 3 0
13 22 1 0
13 22 2 0
13 22 3 0
13 23 1 0
13 23 2 0
13 23 3 0
13 24 1 0
13 24 2 0
13 24 3 0
14 1 1 0
14 1 2 0
14 1 3 0
14 2 1 0
14 2 2 0
14 2 3 0
14 3 1 0
14 3 2 0
14 3 3 0
14 4 1 0
14 4 2 0
14 4 3 0
14 5 1 0
14 5 2 0
14 5 3 0
14 6 1 0
14 6 2 0
14 6 3 0
14 7 1 0
14 7 2 0
14 7 3 0
14 8 1 0
14 8 2 0
14 8 3 0
14 9 1 0
14 9 2 0
14 9 3 0
14 10 1 0
14 10 2 0
14 10 3 0
14 11 1 0
14 11 2 0
14 11 3 0
14 12 1 0
14 12 2 0
14 12 3 0
14 13 1 0
14 13 2 0
14 13 3 0
14 14 1 0
14 14 2 0
14 14 3 0
14 15 1 0
14 15 2 0
14 15 3 0
14 16 1 0
14 16 2 0
14 16 3 0
14 17 1 0
14 17 2 0
14 17 3 0
14 18 1 0
14 18 2 0
14 18 3 0
14 19 1 0
14 19 2 0
14 19 3 0
14 20 1 0
14 20 2 0
14 20 3 0
14 21 1 0
14 21 2 0
14 21 3 0
14 22 1 0
14 22 2 0
14 22 3 0
14 23 1 0
14 23 2 0
14 23 3 0
14 24 1 0
14 24 2 0
14 24 3 0
15 1 1 0
15 1 2 0
15 1 3 0
15 2 1 0
15 2 2 0
15 2 3 0
15 3 1 0
15 3 2 0
15 3 3 0
15 4 1 0
15 4 2 0
15 4 3 0
15 5 1 0
15 5 2 0
15 5 3 0
15 6 1 0
15 6 2 0
15 6 3 0
15 7 1 0
15 7 2 0
15 7 3 0
15 8 1 0
15 8 2 0
15 8 3 0
15 9 1 0
15 9 2 0
15 9 3 0
15 10 1 0
15 10 2 0
15 10 3 0
15 11 1 0
15 11 2 0
15 11 3 0
15 12 1 0
15 12 2 0
15 12 3 0
15 13 1 0
15 13 2 0
15 13 3 0
15 14 1 0
15 14 2 0
15 14 3 0
15 15 1 0
15 15 2 0
15 15 3 0
15 16 1 0
15 16 2 0
15 16 3 0
15 17 1 0
15 17 2 0
15 17 3 0
15 18 1 0
15 18 2 0
15 18 3 0
15 19 1 0
15 19 2 0
15 19 3 0
15 20 1 0
15 20 2 0
15 20 3 0
15 21 1 0
15 21 2 0
15 21 3 0
15 22 1 0
15 22 2 0
15 22 3 0
15 23 1 0
15 23 2 0
15 23 3 0
15 24 1 0
15 24 2 0
15 24 3 0
16 1 1 0
16 1 2 0
16 1 3 0
16 2 1 0
16 2 2 0
16 2 3 0
16 3 1 0
16 3 2 0
16 3 3 0
16 4 1 0
16 4 2 0
16 4 3 0
16 5 1 0
16 5 2 0
16 5 3 0
16 6 1 0
16 6 2 0
16 6 3 0
16 7 1 0
16 7 2 0
16 7 3 0
16 8 1 0
16 8 2 0
16 8 3 0
16 9 1 0
16 9 2 0
16 9 3 0
16 10 1 0
16 10 2 0
16 10 3 0
16 11 1 0
16 11 2 0
16 11 3 0
16 12 1 0
16 12 2 0
16 12 3 0
16 13 1 0
16 13 2 0
16 13 3 0
16 14 1 0
16 14 2 0
16 14 3 0
16 15 1 0
16 15 2 0
16 15 3 0
16 16 1 0
16 16 2 0
16 16 3 0
16 17 1 0
16 17 2 0
16 17 3 0
16 18 1 0
16 18 2 0
16 18 3 0
16 19 1 0
16 19 2 0
16 19 3 0
16 20 1 0
16 20 2 0
16 20 3 0
16 21 1 0
16 21 2 0
16 21 3 0
16 22 1 0
16 22 2 0
16 22 3 0
16 23 1 0
16 23 2 0
16 23 3 0
16 24 1 0
16 24 2 0
16 24 3 0
17 1 1 0
17 1 2 0
17 1 3 0
17 2 1 0
17 2 2 0
17 2 3 0
17 3 1 0
17 3 2 0
17 3 3 0
17 4 1 0
17 4 2 0
17 4 3 0
17 5 1 0
17 5 2 0
17 5 3 0
17 6 1 0
17 6 2 0
17 6 3 0
17 7 1 0
17 7 2 0
17 7 3 0
17 8 1 0
17 8 2 0
17 8 3 0
17 9 1 0
17 9 2 0
17 9 3 0
17 10 1 0
17 10 2 0
17 10 3 0
17 11 1 0
17 11 2 0
17 11 3 0
17 12 1 0
17 12 2 0
17 12 3 0
17 13 1 0
17 13 2 0
17 13 3 0
17 14 1 0
17 14 2 0
17 14 3 0
17 15 1 0
17 15 2 0
17 15 3 0
17 16 1 0
17 16 2 0
17 16 3 0
17 17 1 0
17 17 2 0
17 17 3 0
17 18 1 0
17 18 2 0
17 18 3 0
17 19 1 0
17 19 2 0
17 19 3 0
17 20 1 0
17 20 2 0
17 20 3 0
17 21 1 0
17 21 2 0
17 21 3 0
17 22 1 0
17 22 2 0
17 22 3 0
17 23 1 0
17 23 2 0
17 23 3 0
17 24 1 0
17 24 2 0
17 24 3 0
18 1 1 0
18 1 2 0
18 1 3 0
18 2 1 0
18 2 2 0
18 2 3 0
18 3 1 0
18 3 2 0
18 3 3 0
18 4 1 0
18 4 2 0
18 4 3 0
18 5 1 0
18 5 2 0
18 5 3 0
18 6 1 0
18 6 2 0
18 6 3 0
18 7 1 0
18 7 2 0
18 7 3 0
18 8 1 0
18 8 2 0
18 8 3 0
18 9 1 0
18 9 2 0
18 9 3 0
18 10 1 0
18 10 2 0
18 10 3 0
18 11 1 0
18 11 2 0
18 11 3 0
18 12 1 0
18 12 2 0
18 12 3 0
18 13 1 0
18 13 2 0
18 13 3 0
18 14 1 0
18 14 2 0
18 14 3 0
18 15 1 0
18 15 2 0
18 15 3 0
18 16 1 0
18 16 2 0
18 16 3 0
18 17 1 0
18 17 2 0
18 17 3 0
18 18 1 0
18 18 2 0
18 18 3 0
18 19 1 0
18 19 2 0
18 19 3 0
18 20 1 0
18 20 2 0
18 20 3 0
18 21 1 0
18 21 2 0
18 21 3 0
18 22 1 0
18 22 2 0
18 22 3 0
18 23 1 0
18 23 2 0
18 23 3 0
18 24 1 0
18 24 2 0
18 24 3 0
19 1 1 0
19 1 2 0
19 1 3 0
19 2 1 0
19 2 2 0
19 2 3 0
19 3 1 0
19 3 2 0
19 3 3 0
19 4 1 0
19 4 2 0
19 4 3 0
19 5 1 0
19 5 2 0
19 5 3 0
19 6 1 0
19 6 2 0
19 6 3 0
19 7 1 0
19 7 2 0
19 7 3 0
19 8 1 0
19 8 2 0
19 8 3 0
19 9 1 0
19 9 2 0
19 9 3 0
19 10 1 0
19 10 2 0
19 10 3 0
19 11 1 0
19 11 2 0
19 11 3 0
19 12 1 0
19 12 2 0
19 12 3 0
19 13 1 0
19 13 2 0
19 13 3 0
19 14 1 0
19 14 2 0
19 14 3 0
19 15 1 0
19 15 2 0
19 15 3 0
19 16 1 0
19 16 2 0
19 16 3 0
19 17 1 0
19 17 2 0
19 17 3 0
19 18 1 0
19 18 2 0
19 18 3 0
19 19 1 0
19 19 2 0
19 19 3 0
19 20 1 0
19 20 2 0
19 20 3 0
19 21 1 0
19 21 2 0
19 21 3 0
19 22 1 0
19 22 2 0
19 22 3 0
19 23 1 0
19 23 2 0
19 23 3 0
19 24 1 0
19 24 2 0
19 24 3 0
20 1 1 0
20 1 2 0
20 1 3 0
20 2 1 0
20 2 2 0
20 2 3 0
20 3 1 0
20 3 2 0
20 3 3 0
20 4 1 0
20 4 2 0
20 4 3 0
20 5 1 0
20 5 2 0
20 5 3 0
20 6 1 0
20 6 2 0
20 6 3 0
20 7 1 0
20 7 2 0
20 7 3 0
20 8 1 0
20 8 2 0
20 8 3 0
20 9 1 0
20 9 2 0
20 9 3 0
20 10 1 0
20 10 2 0
20 10 3 0
20 11 1 0
20 11 2 0
20 11 3 0
20 12 1 0
20 12 2 0
20 12 3 0
20 13 1 0
20 13 2 0
20 13 3 0
20 14 1 0
20 14 2 0
20 14 3 0
20 15 1 0
20 15 2 0
20 15 3 0
20 16 1 0
20 16 2 0
20 16 3 0
20 17 1 0
20 17 2 0
20 17 3 0
20 18 1 0
20 18 2 0
20 18 3 0
20 19 1 0
20 19 2 0
20 19 3 0
20 20 1 0
20 20 2 0
20 20 3 0
20 21 1 0
20 21 2 0
20 21 3 0
20 22 1 0
20 22 2 0
20 22 3 0
20 23 1 0
20 23 2 0
20 23 3 0
20 24 1 0
20 24 2 0
20 24 3 0
21 1 1 0
21 1 2 0
21 1 3 0
21 2 1 0
21 2 2 0
21 2 3 0
21 3 1 0
21 3 2 0
21 3 3 0
21 4 1 0
21 4 2 0
21 4 3 0
21 5 1 0
21 5 2 0
21 5 3 0
21 6 1 0
21 6 2 0
21 6 3 0
21 7 1 0
21 7 2 0
21 7 3 0
21 8 1 0
21 8 2 0
21 8 3 0
21 9 1 0
21 9 2 0
21 9 3 0
21 10 1 0
21 10 2 0
21 10 3 0
21 11 1 0
21 11 2 0
21 11 3 0
21 12 1 0
21 12 2 0
21 12 3 0
21 13 1 0
21 13 2 0
21 13 3 0
21 14 1 0
21 14 2 0
21 14 3 0
21 15 1 0
21 15 2 0
21 15 3 0
21 16 1 0
21 16 2 0
21 16 3 0
21 17 1 0
21 17 2 0
21 17 3 0
21 18 1 0
21 18 2 0
21 18 3 0
21 19 1 0
21 19 2 0
21 19 3 0
21 20 1 0
21 20 2 0
21 20 3 0
21 21 1 0
21 21 2 0
21 21 3 0
21 22 1 0
21 22 2 0
21 22 3 0
21 23 1 0
21 23 2 0
21 23 3 0
21 24 1 0
21 24 2 0
21 24 3 0
22 1 1 0
22 1 2 0
22 1 3 0
22 2 1 0
22 2 2 0
22 2 3 0
22 3 1 0
22 3 2 0
22 3 3 0
22 4 1 0
22 4 2 0
22 4 3 0
22 5 1 0
22 5 2 0
22 5 3 0
22 6 1 0
22 6 2 0
22 6 3 0
22 7 1 0
22 7 2 0
22 7 3 0
22 8 1 0
22 8 2 0
22 8 3 0
22 9 1 0
22 9 2 0
22 9 3 0
22 10 1 0
22 10 2 0
22 10 3 0
22 11 1 0
22 11 2 0
22 11 3 0
22 12 1 0
22 12 2 0
22 12 3 0
22 13 1 0
22 13 2 0
22 13 3 0
22 14 1 0
22 14 2 0
22 14 3 0
22 15 1 0
22 15 2 0
22 15 3 0
22 16 1 0
22 16 2 0
22 16 3 0
22 17 1 0
22 17 2 0
22 17 3 0
22 18 1 0
22 18 2 0
22 18 3 0
22 19 1 0
22 19 2 0
22 19 3 0
22 20 1 0
22 20 2 0
22 20 3 0
22 21 1 0
22 21 2 0
22 21 3 0
22 22 1 0
22 22 2 0
22 22 3 0
22 23 1 0
22 23 2 0
22 23 3 0
22 24 1 0
22 24 2 0
22 24 3 0
23 1 1 0
23 1 2 0
23 1 3 0
23 2 1 0
23 2 2 0
23 2 3 0
23 3 1 0
23 3 2 0
23 3 3 0
23 4 1 0
23 4 2 0
23 4 3 0
23 5 1 0
23 5 2 0
23 5 3 0
23 6 1 0
23 6 2 0
23 6 3 0
23 7 1 0
23 7 2 0
23 7 3 0
23 8 1 0
23 8 2 0
23 8 3 0
23 9 1 0
23 9 2 0
23 9 3 0
23 10 1 0
23 10 2 0
23 10 3 0
23 11 1 0
23 11 2 0
23 11 3 0
23 12 1 0
23 12 2 0
23 12 3 0
23 13 1 0
23 13 2 0
23 13 3 0
23 14 1 0
23 14 2 0
23 14 3 0
23 15 1 0
23 15 2 0
23 15 3 0
23 16 1 0
23 16 2 0
23 16 3 0
23 17 1 0
23 17 2 0
23 17 3 0
23 18 1 0
23 18 2 0
23 18 3 0
23 19 1 0
23 19 2 0
23 19 3 0
23 20 1 0
23 20 2 0
23 20 3 0
23 21 1 0
23 21 2 0
23 21 3 0
23 22 1 0
23 22 2 0
23 22 3 0
23 23 1 0
23 23 2 0
23 23 3 0
23 24 1 0
23 24 2 0
23 24 3 0
24 1 1 0
24 1 2 0
24 1 3 0
24 2 1 0
24 2 2 0
24 2 3 0
24 3 1 0
24 3 2 0
24 3 3 0
24 4 1 0
24 4 2 0
24 4 3 0
24 5 1 0
24 5 2 0
24 5 3 0
24 6 1 0
24 6 2 0
24 6 3 0
24 7 1 0
24 7 2 0
24 7 3 0
24 8 1 0
24 8 2 0
24 8 3 0
24 9 1 0
24 9 2 0
24 9 3 0
24 10 1 0
24 10 2 0
24 10 3 0
24 11 1 0
24 11 2 0
24 11 3 0
24 12 1 0
24 12 2 0
24 12 3 0
24 13 1 0
24 13 2 0
24 13 3 0
24 14 1 0
24 14 2 0
24 14 3 0
24 15 1 0
24 15 2 0
24 15 3 0
24 16 1 0
24 16 2 0
24 16 3 0
24 17 1 0
24 17 2 0
24 17 3 0
24 18 1 0
24 18 2 0
24 18 3 0
24 19 1 0
24 19 2 0
24 19 3 0
24 20 1 0
24 20 2 0
24 20 3 0
24 21 1 0
24 21 2 0
24 21 3 0
24 22 1 0
24 22 2 0
24 22 3 0
24 23 1 0
24 23 2 0
24 23 3 0
24 24 1 0
24 24 2 0
24 24 3 0
25 1 1 0
25 1 2 0
25 1 3 0
25 2 1 0
25 2 2 0
25 2 3 0
25 3 1 0
25 3 2 0
25 3 3 0
25 4 1 0
25 4 2 0
25 4 3 0
25 5 1 0
25 5 2 0
25 5 3 0
25 6 1 0
25 6 2 0
25 6 3 0
25 7 1 0
25 7 2 0
25 7 3 0
25 8 1 0
25 8 2 0
25 8 3 0
25 9 1 0
25 9 2 0
25 9 3 0
25 10 1 0
25 10 2 0
25 10 3 0
25 11 1 0
25 11 2 0
25 11 3 0
25 12 1 0
25 12 2 0
25 12 3 0
25 13 1 0
25 13 2 0
25 13 3 0
25 14 1 0
25 14 2 0
25 14 3 0
25 15 1 0
25 15 2 0
25 15 3 0
25 16 1 0
25 16 2 0
25 16 3 0
25 17 1 0
25 17 2 0
25 17 3 0
25 18 1 0
25 18 2 0
25 18 3 0
25 19 1 0
25 19 2 0
25 19 3 0
25 20 1 0
25 20 2 0
25 20 3 0
25 21 1 0
25 21 2 0
25 21 3 0
25 22 1 0
25 22 2 0
25 22 3 0
25 23 1 0
25 23 2 0
25 23 3 0
25 24 1 0
25 24 2 0
25 24 3 0
26 1 1 0
26 1 2 0
26 1 3 0
26 2 1 0
26 2 2 0
26 2 3 0
26 3 1 0
26 3 2 0
26 3 3 0
26 4 1 0
26 4 2 0
26 4 3 0
26 5 1 0
26 5 2 0
26 5 3 0
26 6 1 0
26 6 2 0
26 6 3 0
26 7 1 0
26 7 2 0
26 7 3 0
26 8 1 0
26 8 2 0
26 8 3 0
26 9 1 0
26 9 2 0
26 9 3 0
26 10 1 0
26 10 2 0
26 10 3 0
26 11 1 0
26 11 2 0
26 11 3 0
26 12 1 0
26 12 2 0
26 12 3 0
26 13 1 0
26 13 2 0
26 13 3 0
26 14 1 0
26 14 2 0
26 14 3 0
26 15 1 0
26 15 2 0
26 15 3 0
26 16 1 0
26 16 2 0
26 16 3 0
26 17 1 0
26 17 2 0
26 17 3 0
26 18 1 0
26 18 2 0
26 18 3 0
26 19 1 0
26 19 2 0
26 19 3 0
26 20 1 0
26 20 2 0
26 20 3 0
26 21 1 0
26 21 2 0
26 21 3 0
26 22 1 0
26 22 2 0
26 22 3 0
26 23 1 0
26 23 2 0
26 23 3 0
26 24 1 0
26 24 2 0
26 24 3 0
27 1 1 0
27 1 2 0
27 1 3 0
27 2 1 0
27 2 2 0
27 2 3 0
27 3 1 0
27 3 2 0
27 3 3 0
27 4 1 0
27 4 2 0
27 4 3 0
27 5 1 0
27 5 2 0
27 5 3 0
27 6 1 0
27 6 2 0
27 6 3 0
27 7 1 0
27 7 2 0
27 7 3 0
27 8 1 0
27 8 2 0
27 8 3 0
27 9 1 0
27 9 2 0
27 9 3 0
27 10 1 0
27 10 2 0
27 10 3 0
27 11 1 0
27 11 2 0
27 11 3 0
27 12 1 0
27 12 2 0
27 12 3 0
27 13 1 0
27 13 2 0
27 13 3 0
27 14 1 0
27 14 2 0
27 14 3 0
27 15 1 0
27 15 2 0
27 15 3 0
27 16 1 0
27 16 2 0
27 16 3 0
27 17 1 0
27 17 2 0
27 17 3 0
27 18 1 0
27 18 2 0
27 18 3 0
27 19 1 0
27 19 2 0
27 19 3 0
27 20 1 0
27 20 2 0
27 20 3 0
27 21 1 0
27 21 2 0
27 21 3 0
27 22 1 0
27 22 2 0
27 22 3 0
27 23 1 0
27 23 2 0
27 23 3 0
27 24 1 0
27 24 2 0
27 24 3 0
28 1 1 0
28 1 2 0
28 1 3 0
28 2 1 0
28 2 2 0
28 2 3 0
28 3 1 0
28 3 2 0
28 3 3 0
28 4 1 0
28 4 2 0
28 4 3 0
28 5 1 0
28 5 2 0
28 5 3 0
28 6 1 0
28 6 2 0
28 6 3 0
28 7 1 0
28 7 2 0
28 7 3 0
28 8 1 0
28 8 2 0
28 8 3 0
28 9 1 0
28 9 2 0
28 9 3 0
28 10 1 0
28 10 2 0
28 10 3 0
28 11 1 0
28 11 2 0
28 11 3 0
28 12 1 0
28 12 2 0
28 12 3 0
28 13 1 0
28 13 2 0
28 13 3 0
28 14 1 0
28 14 2 0
28 14 3 0
28 15 1 0
28 15 2 0
28 15 3 0
28 16 1 0
28 16 2 0
28 16 3 0
28 17 1 0
28 17 2 0
28 17 3 0
28 18 1 0
28 18 2 0
28 18 3 0
28 19 1 0
28 19 2 0
28 19 3 0
28 20 1 0
28 20 2 0
28 20 3 0
28 21 1 0
28 21 2 0
28 21 3 0
28 22 1 0
28 22 2 0
28 22 3 0
28 23 1 0
28 23 2 0
28 23 3 0
28 24 1 0
28 24 2 0
28 24 3 0
29 1 1 0
29 1 2 0
29 1 3 0
29 2 1 0
29 2 2 0
29 2 3 0
29 3 1 0
29 3 2 0
29 3 3 0
29 4 1 0
29 4 2 0
29 4 3 0
29 5 1 0
29 5 2 0
29 5 3 0
29 6 1 0
29 6 2 0
29 6 3 0
29 7 1 0
29 7 2 0
29 7 3 0
29 8 1 0
29 8 2 0
29 8 3 0
29 9 1 0
29 9 2 0
29 9 3 0
29 10 1 0
29 10 2 0
29 10 3 0
29 11 1 0
29 11 2 0
29 11 3 0
29 12 1 0
29 12 2 0
29 12 3 0
29 13 1 0
29 13 2 0
29 13 3 0
29 14 1 0
29 14 2 0
29 14 3 0
29 15 1 0
29 15 2 0
29 15 3 0
29 16 1 0
29 16 2 0
29 16 3 0
29 17 1 0
29 17 2 0
29 17 3 0
29 18 1 0
29 18 2 0
29 18 3 0
29 19 1 0
29 19 2 0
29 19 3 0
29 20 1 0
29 20 2 0
29 20 3 0
29 21 1 0
29 21 2 0
29 21 3 0
29 22 1 0
29 22 2 0
29 22 3 0
29 23 1 0
29 23 2 0
29 23 3 0
29 24 1 0
29 24 2 0
29 24 3 0
